kinematics:
  shoulder:
    x: 0
    y: 0
    z: 0.16255351013744329
    roll: -0
    pitch: 0
    yaw: -4.2870743011125256e-08
  upper_arm:
    x: -1.9946066732315425e-05
    y: 0
    z: 0
    roll: 1.5708195446425468
    pitch: 0
    yaw: -2.0129670290636166e-06
  forearm:
    x: -0.42509825244173804
    y: 0
    z: 0
    roll: 3.1415023141336738
    pitch: -3.1405744639629152
    yaw: -3.1415902856796385
  wrist_1:
    x: -0.3922143575700871
    y: -0.00062104764735960007
    z: 0.13360525868541323
    roll: 0.0046483437886422957
    pitch: 0.00060253099724019287
    yaw: -7.3832577979144091e-07
  wrist_2:
    x: 6.3097434935524847e-05
    y: -0.099761895468480341
    z: 9.0950130534268034e-05
    roll: 1.5698846550096968
    pitch: 0
    yaw: -2.078516231698857e-07
  wrist_3:
    x: 1.8775928357093574e-05
    y: 0.099730502792556033
    z: 7.9131551855959904e-06
    roll: 1.570875672180184
    pitch: 3.1415926535897931
    yaw: 3.1415923337536036
  hash: calib_7458537454623252797/
